12.384051418304445
3.0328105688095093
1.8154217720031738
1.3516384363174438
1.173592674732208
1.0791821599006652
0.9481907606124877
0.8855461120605468
0.8000104367733001
0.6905376553535463
0.6046039700508118
0.5190789580345154
0.4540823727846146
0.4069918632507324
0.3736656606197357
0.3493559420108795
0.3447777658700943
0.36836764961481094
0.30067828595638274
0.26077242493629454
0.25622730106115343
0.2416760429739952
0.2225130781531334
0.2025611639022827
0.18178043514490128
0.17032147943973538
0.16193024069070816
0.154496943205595
0.150040166079998
0.1573737569153309
0.1702673479914665
0.1676614537835121
0.14159402921795847
0.13888177797198295
0.1339240103960037
0.13788406178355217
0.1459215596318245
0.13268560245633126
0.11447150036692619
0.09938414692878723
0.0937986709177494
0.08874389678239822
0.08653881549835205
0.09569186493754386
0.10448347963392733
0.1014461524784565
0.09028750285506247
0.09309836700558663
0.08101100698113442
0.08912248983979225
0.10582240670919417
0.10700780600309373
0.08928453549742699
0.07264847792685032
0.06814096793532372
0.07282330989837647
0.06636465787887573
0.07749676592648029
0.06777817271649837
0.061525770649313936
0.056994649767875674
0.07523127794265748
0.055445263907313344
0.04882701374590397
0.06566049456596375
0.05441598817706108
0.06429323963820935
0.05039393380284309
0.07950338684022427
0.0524492233991623
0.053594190627336495
0.04830094762146473
0.0442547157406807
0.048543974384665484
0.045872996374964725
0.044113201647996904
0.04642537012696266
0.04628438204526902
0.05838708244264126
0.0935695506632328
0.10435982793569565
0.07438609749078752
0.0558062557131052
0.057318367063999176
0.05442176591604948
0.04858472924679518
0.11395504549145698
0.10041134916245939
0.09186983332037926
0.10009310245513917
0.07982681989669799
0.06393647119402884
0.0620654173195362
0.06276574172079563
0.06425130590796471
0.08729539960622787
0.08894519954919815
0.08931206129491329
0.07570815086364746
0.05830584205687047

